CTET JAN-2024 KEY EXAM-21/01/2024 Date. 13/02/2024 Page No. 1
Set :- M PAPER-II (MAT.&SCI)
--------------------------------------------------
| QNO ANS | QNO ANS | QNO ANS | QNO ANS |
--------------------------------------------------
| 1 2 | 26 3 | 51 4 | 76 1 |
--------------------------------------------------
| 2 4 | 27 2 | 52 3 | 77 2 |
--------------------------------------------------
| 3 2 | 28 3 | 53 4 | 78 1 |
--------------------------------------------------
| 4 3 | 29 1 | 54 3 | 79 3 |
--------------------------------------------------
| 5 1 | 30 3 | 55 3 | 80 3 |
--------------------------------------------------
| 6 1 | 31 3 | 56 3 | 81 1 |
--------------------------------------------------
| 7 1 | 32 1 | 57 3 | 82 2 |
--------------------------------------------------
| 8 3 | 33 3 | 58 3 | 83 1 |
--------------------------------------------------
| 9 1 | 34 3 | 59 3 | 84 1 |
--------------------------------------------------
| 10 1 | 35 2 | 60 2 | 85 2 |
--------------------------------------------------
| 11 2 | 36 2 | 61 3 | 86 2 |
--------------------------------------------------
| 12 2 | 37 4 | 62 4 | 87 2 |
--------------------------------------------------
| 13 4 | 38 2 | 63 1 | 88 1 |
--------------------------------------------------
| 14 2 | 39 1 | 64 4 | 89 1 |
--------------------------------------------------
| 15 4 | 40 3 | 65 1 | 90 2 |
--------------------------------------------------
| 16 4 | 41 3 | 66 1 | |
--------------------------------------------------
| 17 2 | 42 2 | 67 1 | |
--------------------------------------------------
| 18 2 | 43 2 | 68 4 | |
--------------------------------------------------
| 19 1 | 44 1 | 69 3 | |
--------------------------------------------------
| 20 3 | 45 4 | 70 3 | |
--------------------------------------------------
| 21 1 | 46 2 | 71 A | |
--------------------------------------------------
| 22 3 | 47 3 | 72 3 | |
--------------------------------------------------
| 23 1 | 48 3 | 73 4 | |
--------------------------------------------------
| 24 3 | 49 2 | 74 4 | |
--------------------------------------------------
| 25 1 | 50 2 | 75 2 | |
--------------------------------------------------
A=1,2/B=1,3/C=1,4/D=2,3/E=2,4/F=3,4/Z=ALL

CTET JAN-2024 KEY EXAM-21/01/2024 Date. 13/02/2024 Page No. 2
Set :- N PAPER-II (MAT.&SCI)
--------------------------------------------------
| QNO ANS | QNO ANS | QNO ANS | QNO ANS |
--------------------------------------------------
| 1 2 | 26 1 | 51 1 | 76 4 |
--------------------------------------------------
| 2 4 | 27 4 | 52 2 | 77 4 |
--------------------------------------------------
| 3 2 | 28 2 | 53 2 | 78 4 |
--------------------------------------------------
| 4 1 | 29 1 | 54 2 | 79 4 |
--------------------------------------------------
| 5 1 | 30 2 | 55 3 | 80 3 |
--------------------------------------------------
| 6 2 | 31 1 | 56 1 | 81 3 |
--------------------------------------------------
| 7 3 | 32 2 | 57 2 | 82 2 |
--------------------------------------------------
| 8 4 | 33 2 | 58 3 | 83 2 |
--------------------------------------------------
| 9 1 | 34 3 | 59 2 | 84 2 |
--------------------------------------------------
| 10 1 | 35 4 | 60 4 | 85 1 |
--------------------------------------------------
| 11 4 | 36 2 | 61 1 | 86 3 |
--------------------------------------------------
| 12 3 | 37 1 | 62 4 | 87 1 |
--------------------------------------------------
| 13 4 | 38 3 | 63 1 | 88 1 |
--------------------------------------------------
| 14 4 | 39 2 | 64 3 | 89 2 |
--------------------------------------------------
| 15 2 | 40 1 | 65 2 | 90 4 |
--------------------------------------------------
| 16 1 | 41 1 | 66 4 | |
--------------------------------------------------
| 17 3 | 42 4 | 67 4 | |
--------------------------------------------------
| 18 3 | 43 2 | 68 2 | |
--------------------------------------------------
| 19 2 | 44 2 | 69 1 | |
--------------------------------------------------
| 20 4 | 45 1 | 70 4 | |
--------------------------------------------------
| 21 4 | 46 1 | 71 4 | |
--------------------------------------------------
| 22 4 | 47 2 | 72 4 | |
--------------------------------------------------
| 23 4 | 48 2 | 73 C | |
--------------------------------------------------
| 24 2 | 49 1 | 74 1 | |
--------------------------------------------------
| 25 1 | 50 2 | 75 3 | |
--------------------------------------------------
A=1,2/B=1,3/C=1,4/D=2,3/E=2,4/F=3,4/Z=ALL

CTET JAN-2024 KEY EXAM-21/01/2024 Date. 13/02/2024 Page No. 3
Set :- O PAPER-II (MAT.&SCI)
--------------------------------------------------
| QNO ANS | QNO ANS | QNO ANS | QNO ANS |
--------------------------------------------------
| 1 4 | 26 4 | 51 1 | 76 1 |
--------------------------------------------------
| 2 4 | 27 1 | 52 4 | 77 2 |
--------------------------------------------------
| 3 3 | 28 3 | 53 1 | 78 1 |
--------------------------------------------------
| 4 1 | 29 3 | 54 1 | 79 2 |
--------------------------------------------------
| 5 1 | 30 4 | 55 4 | 80 F |
--------------------------------------------------
| 6 3 | 31 4 | 56 4 | 81 3 |
--------------------------------------------------
| 7 3 | 32 1 | 57 3 | 82 4 |
--------------------------------------------------
| 8 4 | 33 3 | 58 4 | 83 2 |
--------------------------------------------------
| 9 1 | 34 4 | 59 1 | 84 3 |
--------------------------------------------------
| 10 4 | 35 4 | 60 1 | 85 2 |
--------------------------------------------------
| 11 2 | 36 4 | 61 1 | 86 1 |
--------------------------------------------------
| 12 1 | 37 2 | 62 3 | 87 2 |
--------------------------------------------------
| 13 3 | 38 1 | 63 4 | 88 1 |
--------------------------------------------------
| 14 3 | 39 1 | 64 4 | 89 3 |
--------------------------------------------------
| 15 3 | 40 3 | 65 3 | 90 4 |
--------------------------------------------------
| 16 1 | 41 1 | 66 3 | |
--------------------------------------------------
| 17 3 | 42 1 | 67 3 | |
--------------------------------------------------
| 18 4 | 43 1 | 68 1 | |
--------------------------------------------------
| 19 1 | 44 2 | 69 3 | |
--------------------------------------------------
| 20 3 | 45 2 | 70 3 | |
--------------------------------------------------
| 21 4 | 46 1 | 71 3 | |
--------------------------------------------------
| 22 1 | 47 4 | 72 3 | |
--------------------------------------------------
| 23 2 | 48 1 | 73 4 | |
--------------------------------------------------
| 24 2 | 49 2 | 74 4 | |
--------------------------------------------------
| 25 2 | 50 1 | 75 4 | |
--------------------------------------------------
A=1,2/B=1,3/C=1,4/D=2,3/E=2,4/F=3,4/Z=ALL

